# Created by Octave 4.2.2, Tue Nov 20 16:46:26 2018 GMT <fvarnals@fvarnals-HP-Spectre-x360-Convertible-15-bl0XX>
# name: results
# type: matrix
# rows: 300
# columns: 1
 1
 3
 2
 1
 1
 1
 1
 1
 1
 1
 1
 1
 1
 1
 1
 1
 1
 1
 1
 1
 1
 1
 1
 1
 1
 1
 1
 1
 1
 1
 1
 1
 1
 1
 1
 1
 1
 1
 1
 1
 1
 1
 1
 1
 1
 1
 1
 1
 1
 1
 1
 1
 1
 1
 1
 1
 1
 1
 1
 1
 1
 1
 1
 1
 1
 1
 1
 1
 1
 1
 1
 1
 1
 1
 1
 1
 1
 1
 1
 1
 1
 1
 1
 1
 1
 1
 1
 1
 1
 1
 1
 1
 1
 1
 1
 1
 1
 1
 1
 1
 1
 1
 1
 1
 2
 1
 1
 1
 1
 2
 1
 1
 1
 2
 1
 1
 1
 1
 1
 1
 1
 2
 1
 2
 2
 1
 1
 1
 1
 1
 1
 1
 1
 1
 1
 1
 1
 1
 2
 1
 2
 1
 1
 1
 1
 2
 1
 1
 1
 1
 1
 1
 1
 1
 1
 1
 1
 1
 1
 1
 1
 1
 1
 2
 1
 1
 1
 1
 1
 2
 1
 1
 1
 2
 1
 1
 1
 1
 1
 1
 1
 1
 1
 1
 1
 1
 1
 2
 1
 1
 1
 1
 1
 1
 1
 1
 2
 1
 1
 1
 2
 2
 2
 2
 2
 2
 2
 2
 2
 2
 3
 2
 2
 2
 2
 2
 2
 2
 3
 2
 2
 2
 2
 2
 2
 2
 2
 2
 2
 2
 2
 2
 2
 2
 2
 2
 2
 2
 2
 1
 2
 1
 2
 3
 2
 3
 2
 2
 2
 2
 2
 2
 2
 2
 2
 2
 2
 2
 2
 2
 2
 1
 2
 2
 2
 1
 2
 2
 2
 2
 2
 2
 2
 1
 2
 2
 2
 1
 2
 2
 2
 2
 2
 2
 2
 2
 2
 2
 2
 2
 2
 2
 2
 2
 2
 3
 2
 2
 2
 1


